rbd_index,regression_output,classification_output
1818,0.9425431,0.0040673744
4244,0.8954402,0.013118339
665,0.929442,0.002837709
2685,1.0685928,0.64783376
1071,1.0106537,0.6177566
6074,0.99097717,0.00919992
277,0.98662454,0.008672225
5134,0.9772942,0.52712226
542,0.96527386,0.0033738199
3907,0.9267271,0.0060327044
2114,1.4116154,0.857856
616,0.94427055,0.0061529772
1970,0.9436071,0.007046909
1198,0.9740304,0.0078039244
4689,0.97156537,0.0065535274
10529,0.98122746,0.0077209333
15406,0.94761366,0.0072592515
502,0.97583425,0.0042201746
4859,0.9195905,0.004798618
2467,0.90549695,0.010337861
304,1.0464911,0.5280749
501,1.0356575,0.0032573445
6742,0.9526464,0.004213667
2785,0.92851424,0.007226179
477,0.9414078,0.004794489
51,1.0109677,0.60397243
300,1.0922234,0.33298612
1534,0.98296463,0.008322714
4237,0.98648894,0.52313405
434,1.0391877,0.66215515
4852,1.5397086,0.8993473
93,0.91649616,0.0080383
15211,0.9350618,0.00685134
1943,1.1157881,0.7873095
2018,0.95911276,0.0024547088
2920,0.91186786,0.0060301777
6446,0.9433762,0.1586412
315,1.0401433,0.6386629
1987,0.87667775,0.009676607
2936,0.95617414,0.025920155
7876,1.1647561,0.58822644
353,0.91668445,0.006482402
303,1.1377361,0.5421198
3413,0.88771665,0.0078088176
175,0.9659395,0.002926821
2633,0.74363357,0.2639069
7774,0.98203427,0.0020626571
9279,1.2052612,0.5485368
3343,0.9767796,0.0034432951
2189,1.060528,0.6576239
150,0.98359776,0.006781165
4118,0.9760659,0.0056194765
189,1.0207891,0.5198389
13,1.2029676,0.90510565
3383,0.99311113,0.003806271
637,0.9849484,0.006682977
7017,0.95344067,0.01520602
1731,0.9683371,0.34706396
1083,0.92738056,0.011597007
1112,0.896607,0.0065727313
493,0.9273336,0.007874106
3158,0.96594095,0.0053202766
1998,0.9500883,0.008942796
2187,1.0210129,0.58625674
2396,0.93519986,0.023513822
1938,0.98416686,0.0030710588
1479,1.043454,0.5969578
3506,1.0495691,0.6491332
4263,0.94253975,0.0050328244
7370,0.9988728,0.45668522
298,1.5057969,0.9111888
917,0.92576885,0.005200038
1568,0.95511234,0.35984096
274,0.9600165,0.005235284
1582,0.8746846,0.008802393
1371,0.9606694,0.0059814984
1615,0.9911844,0.0077426597
1643,1.0907015,0.5634039
3175,1.03969,0.4390197
2750,0.6742323,0.14652108
2968,1.1522131,0.7880966
6764,0.9883517,0.005851977
11112,1.1663375,0.4187062
451,1.5900018,0.9183218
1577,1.0551949,0.7495216
1023,0.9802212,0.006810179
6025,1.0012527,0.0073369034
4208,0.8956528,0.008542339
3621,0.91854936,0.0055195065
237,0.94780225,0.0053999703
1211,0.9831813,0.002369768
5639,0.81581813,0.25494087
1208,0.9341136,0.0053631533
4183,1.0256203,0.0039025985
2602,0.966224,0.0057827737
3030,0.85316265,0.030781902
1084,0.9079608,0.006183462
2380,0.9932227,0.46135554
3112,1.013683,0.0045399764
486,0.93318933,0.0058217533
4680,0.7985041,0.0071930625
2059,0.9435413,0.0062631383
1361,0.9683262,0.0030032163
888,1.6387944,0.93800735
539,0.94539595,0.0032079022
1302,0.8838902,0.3118797
4174,1.0013018,0.005501554
1997,0.9178518,0.005543983
425,0.33218524,0.056055818
874,0.9284907,0.0076862946
197,0.9072199,0.2149591
4163,0.8696915,0.0083482
4503,0.96564674,0.005422191
731,0.93917745,0.009125874
1669,0.9325246,0.0033243739
2997,0.98182356,0.004778226
1029,0.9619904,0.009355607
404,0.97884274,0.0059978333
223,0.93107784,0.028432995
839,0.88111144,0.007941092
1505,0.96335423,0.0055512195
3549,1.1013515,0.47920334
2938,0.9575715,0.006986439
22,1.3151172,0.7809215
1272,0.8838425,0.009994157
1676,0.89870167,0.017646471
1533,0.98657453,0.008359663
582,0.87661433,0.010273381
1117,1.0291333,0.005796912
42,1.0798666,0.7274777
679,1.0795295,0.67547286
8610,1.2049506,0.5994167
2028,0.98142546,0.39861873
324,0.9593985,0.3808634
3649,1.3389475,0.61872673
3675,0.99476516,0.008268259
5730,1.383281,0.7695495
2870,0.94180584,0.0047329045
1389,0.94147867,0.003374939
2642,1.1757443,0.52820355
3224,0.9872384,0.41530204
383,0.9219606,0.004442751
747,0.9820841,0.007595094
2338,0.89035815,0.0062708594
111,0.87225974,0.0072552287
2255,0.99569315,0.1100253
714,0.7692152,0.014139832
909,0.9265903,0.0049124467
75,0.94488263,0.0057693664
7600,1.0917349,0.40431827
5537,0.95328766,0.0038311493
758,0.98069847,0.008694662
10430,0.9714873,0.0071685114
2930,0.9581006,0.0045387354
1257,0.91398,0.004815487
238,0.90663064,0.0148284575
739,0.96606123,0.00557193
639,0.9832816,0.010352522
5625,0.9831825,0.0087664705
6620,0.9765984,0.0073097292
8451,0.95473266,0.0052252016
14235,0.9803983,0.001875414
4433,1.2360582,0.552955
3966,0.95354074,0.0053305845
618,0.99048877,0.009588931
2066,0.87476707,0.0064230156
2650,0.92982996,0.006198718
2932,0.89361644,0.0062505347
2203,0.9307651,0.0071888887
2204,0.90521634,0.004457647
1810,1.2207791,0.8795336
405,0.95406556,0.004041717
1781,1.0013654,0.007731122
1466,0.96937406,0.0026676154
5712,0.95236355,0.009527996
3316,0.9528015,0.0052661425
1808,0.95921135,0.14460242
103,0.9665686,0.008348487
2029,1.0126384,0.40885344
3442,0.97623026,0.007350985
5452,1.3194184,0.75691074
2372,0.9979653,0.020869035
1169,0.9335568,0.005645253
2034,1.0140524,0.52633494
2382,1.0552999,0.67167217
3522,0.92452335,0.0066527906
5442,0.9524764,0.003019376
5395,1.0076946,0.0038883882
8290,0.9199706,0.0044852
11409,0.9938998,0.0077538006
26,1.3047037,0.69843066
567,1.0456157,0.47691268
863,0.9807946,0.009776159
3236,0.95263565,0.35390222
602,0.92672706,0.0055371285
2388,1.0374882,0.54520243
1295,0.96039104,0.0033730827
3550,1.0751598,0.6929286
525,0.95496786,0.00650964
279,0.980814,0.0074593127
375,0.92534614,0.005490576
941,1.0012913,0.0063631423
806,0.82410514,0.12507333
7414,0.93910015,0.0039506364
12156,0.9403411,0.00731569
1984,0.96414626,0.0044884076
432,0.9992712,0.4789051
11910,0.9508908,0.005745295
1260,0.9540202,0.008349527
1594,0.91848266,0.0057865526
1031,0.9527116,0.0048740506
2072,0.90253556,0.16407833
2825,1.0495026,0.6285542
904,0.9125628,0.28283435
4332,0.97562027,0.0024530198
13443,0.9498229,0.0045127715
370,0.9350355,0.0053831297
1186,0.95035887,0.004530371
2050,0.9482467,0.0073349383
2112,1.4790137,0.8460322
584,0.9015946,0.0124464
3560,0.9815122,0.0039038588
158,0.9462267,0.009803164
3064,0.99049973,0.0041310536
2362,0.9769098,0.00727017
5046,0.95608455,0.005384476
2316,1.0084102,0.463459
1514,0.94521016,0.007323919
3380,0.9140915,0.023802107
435,1.0063735,0.4271652
3652,1.073977,0.6786869
7887,0.91850007,0.007107612
1701,0.8779783,0.027919702
7225,0.9482783,0.0033631027
3648,1.4187169,0.83323383
321,0.95144814,0.45567194
10947,1.3956575,0.80784816
6830,0.9773898,0.0066175275
1024,1.0269071,0.003025173
188,1.1235772,0.72436464
3155,0.9730625,0.007540212
999,0.7978348,0.026169833
3314,0.9052795,0.0050147055
5283,0.9752791,0.0027502235
609,0.9691838,0.005688722
2105,0.63709915,0.09888217
2918,0.9508193,0.005379753
1330,0.8992436,0.010078039
233,0.9547548,0.0057018455
1035,0.97976184,0.008877907
1538,0.9959917,0.009918061
565,0.96480834,0.28311375
74,0.92750525,0.005766375
832,0.91220415,0.014829518
3108,0.96944624,0.006007507
3922,0.98709524,0.0047556674
12453,0.9822501,0.008199306
5229,0.97846127,0.49927554
4146,0.90659523,0.021836145
2864,1.0176262,0.0069792112
3895,0.80889374,0.10474107
2499,1.3981416,0.87910336
8968,0.98627055,0.005255183
8275,1.5689244,0.9528937
635,0.94478923,0.006695438
1608,0.88262045,0.10874666
6353,0.9720259,0.3697551
2185,1.0106716,0.5759755
348,0.94817996,0.007111183
126,0.967178,0.0062711085
480,0.93466175,0.007617583
2445,1.0876979,0.650294
3997,0.9501367,0.007380539
2227,0.999919,0.002442737
1656,0.92373705,0.006135812
351,0.933902,0.005183247
1190,0.9723071,0.006235418
2212,0.91248405,0.07678411
1000,0.92626584,0.028171826
131,0.98836917,0.009621927
2162,0.9643209,0.005699367
1598,0.90468216,0.0052763033
695,1.0951977,0.6452452
1,1.1483982,0.8181273
1317,0.8428932,0.16130108
643,1.0117314,0.005939957
2940,0.9920528,0.0024776973
1458,0.97442424,0.0051391213
823,0.93399453,0.0046077743
2672,0.88567936,0.012654239
6775,0.9781296,0.62678677
3329,0.96577346,0.0058676577
483,0.88661,0.0085166115
608,0.92898047,0.005627799
1832,0.9213133,0.006754132
8537,1.0007659,0.0077483514
1008,0.9147416,0.0059829243
2439,1.0501239,0.5436593
5090,0.9226142,0.0050934036
448,1.111694,0.31683916
3870,0.75831044,0.036234017
322,1.0406656,0.6229739
1498,0.8985099,0.015571532
8551,0.93318665,0.0042963047
4044,0.81089056,0.014037634
14233,0.9795862,0.0039256285
192,1.0012039,0.5628946
330,0.91629505,0.3034266
2710,0.93305445,0.0069624037
1239,0.7971724,0.15609604
4562,0.9106416,0.0052171377
2749,0.77623796,0.3723108
1270,1.038319,0.0042105448
4419,0.89403427,0.010150318
10223,0.9725048,0.008073408
2113,1.0076478,0.31608164
11425,0.9559865,0.0036270288
2600,0.9043447,0.0045309193
1438,1.0220153,0.0043348595
3025,0.9998574,0.64641774
953,0.9623059,0.00517556
547,0.9631313,0.5187004
4839,0.92588264,0.0028554518
6717,0.9882271,0.007446247
2087,0.9690002,0.0053724763
3091,0.9640616,0.004731655
600,0.92620075,0.006015174
18452,0.93845165,0.0062864786
2578,1.3465084,0.8046202
718,0.9259498,0.007685818
7857,0.8949945,0.005964313
770,0.9931996,0.005825798
2300,0.9846308,0.0034657796
89,0.92891073,0.0068653645
3901,0.8708482,0.031298477
518,0.98080826,0.007082556
10978,1.1620843,0.551517
2919,0.8815764,0.0060243723
2584,0.93977004,0.00749311
726,0.9262898,0.0050957818
8146,0.99528635,0.005681816
399,0.9655901,0.003922155
1518,0.94703513,0.0057702907
7339,0.93849546,0.0031255514
313,0.9727063,0.46503848
1893,0.86747825,0.0121101765
3043,0.93471825,0.0052520283
6869,1.4266388,0.8021938
557,1.0006697,0.455546
129,0.9828441,0.0083915675
5122,0.92235255,0.0050307238
2859,0.92823815,0.009648067
5097,0.96685123,0.005783278
3342,0.9402243,0.0034536086
1408,0.9512052,0.3825896
795,1.340511,0.7395213
9937,0.99384636,0.0047353976
1043,0.97643805,0.008048362
1752,0.95478034,0.006123855
1619,0.9748565,0.0072650304
553,0.7923362,0.08202631
6249,0.9934538,0.4767421
107,0.9140307,0.004700317
875,0.94208306,0.0033856714
2587,0.777555,0.014916583
1265,0.8999543,0.0062541584
776,0.9425124,0.0024776303
377,0.9382596,0.0057575735
4051,0.91932297,0.006561318
77,0.89145374,0.0069980337
2477,0.9492645,0.0061092684
862,0.98263663,0.009846258
5913,0.9794186,0.5037085
5020,0.6930277,0.17089012
1972,0.92260325,0.0055408683
15626,1.4404461,0.88987994
2974,1.0367712,0.58468163
1343,0.9567239,0.008531781
1480,1.0504651,0.6418376
590,0.97004664,0.0041791573
959,0.898096,0.005485371
5621,0.9785098,0.008746881
2907,0.8646737,0.2937108
1945,1.3553619,0.8005191
1455,0.9831507,0.008754735
2577,1.5226817,0.826629
3328,0.9607724,0.0068553193
1478,1.2892997,0.71077055
2559,0.92754495,0.33441544
5630,0.9920101,0.19308622
60,0.903375,0.011658267
1826,0.9322835,0.005360176
485,0.9408239,0.0068108463
1122,0.9662194,0.0072806217
3137,0.9450464,0.010383467
2474,0.9766184,0.0033422792
6481,0.9150138,0.0038751718
2318,0.9199436,0.28609163
1255,0.936211,0.0071588797
1236,1.0536209,0.6466342
562,1.0135615,0.6063347
4522,1.0064193,0.006718103
2311,0.8390139,0.124768704
5513,0.92422783,0.004417909
472,0.9235337,0.00620804
1953,1.0361302,0.6239315
2857,0.9084273,0.016704353
3700,0.97630405,0.37994087
730,0.96651685,0.005615156
2801,1.0249916,0.005876922
2013,0.9800762,0.008088789
221,0.90947235,0.01815058
1593,0.91613454,0.004622496
7763,1.5204567,0.91401166
712,0.99891245,0.08661123
3574,0.9628849,0.0074571525
7287,1.0130893,0.47863463
8070,0.8353269,0.0070381826
97,0.9360826,0.005492227
5900,0.98152524,0.0044347546
40,1.018145,0.5927516
2741,1.0052998,0.024973067
3843,1.0215377,0.55442023
2258,0.9868707,0.003196829
11222,0.8656842,0.0217078
203,1.0422418,0.32322735
4854,1.0709745,0.51437765
1567,1.0578992,0.6368445
774,1.0058401,0.0043278555
6003,1.5000411,0.90361065
5790,0.9789034,0.00560084
3753,0.9789838,0.0077089234
866,0.96339357,0.010323134
52,1.2710632,0.7204502
1472,1.0749209,0.80378497
2856,0.9835343,0.005986405
649,0.96469975,0.0070889606
5698,0.95020074,0.012550668
2254,0.81989056,0.012402059
5925,0.9001592,0.0055171615
3426,0.9343969,0.004347661
5346,0.9308224,0.009135115
336,0.9248444,0.009602325
294,0.8274663,0.16370995
4539,0.96717024,0.39236918
868,1.0227824,0.0046962146
27,1.0320973,0.72494113
436,0.9585161,0.38609296
1866,0.90613526,0.0072500203
275,0.9623853,0.005065364
1194,0.97952306,0.0065234513
2342,0.89483225,0.006954707
982,0.9770329,0.57406455
4366,1.0474162,0.003657003
3242,1.0696588,0.60993093
3096,0.89783597,0.0059873615
576,0.9222028,0.088742316
101,0.91581976,0.004854949
9253,0.94314486,0.0047502625
5252,0.96924424,0.0053857677
4571,0.9184545,0.0056995642
266,1.0062585,0.0048688515
563,0.9165647,0.31158948
4815,0.92683667,0.005359118
1219,1.0699373,0.78102255
1281,0.9514927,0.0035014881
1760,0.8980664,0.007846669
392,0.99451375,0.009112337
1062,1.4913154,0.8606617
206,0.91031253,0.50870585
4399,0.98511773,0.007816773
62,0.9044851,0.025751326
802,1.0659738,0.6333861
1074,0.9323837,0.3777879
4762,0.935529,0.0064798007
2325,0.9942059,0.474234
1243,0.9386244,0.019021934
10588,0.9323299,0.0075594448
127,0.989075,0.006534685
1325,1.4385657,0.82726896
6437,1.0163058,0.6532993
1091,0.94143164,0.0071302676
3382,0.9834269,0.008823273
4149,0.8783916,0.0061078733
9170,1.311664,0.6751098
1814,0.90499544,0.29765677
326,1.0744717,0.6933209
592,0.9508909,0.0048873993
621,0.8674939,0.0138628585
8200,1.4178939,0.7290422
243,0.92304766,0.004009579
599,0.90179676,0.007901746
8618,0.94422174,0.005058721
1707,0.94132376,0.0066508492
6532,0.89624405,0.035046652
800,1.020864,0.5362166
1136,0.9444281,0.003259184
1340,0.9438369,0.0055967784
1135,0.9456523,0.0032401618
1304,0.50485694,0.048534434
2514,0.932087,0.0043594916
6047,1.0876443,0.6244145
784,0.8284327,0.24742447
2349,0.91734564,0.0068854727
1694,0.9864415,0.008755095
1823,0.9040592,0.0056600375
500,0.76929855,0.032197174
841,0.935923,0.003221959
11716,0.9667945,0.003347729
4548,0.8501049,0.40961504
2347,0.93825364,0.004516908
6149,0.99901915,0.010383942
2303,0.9976226,0.0027267076
2766,0.93833387,0.010385535
96,0.9364898,0.005675438
4066,1.0310374,0.008390616
45,0.86793643,0.10867115
2731,0.9739871,0.0056032226
2011,0.9572636,0.00575351
1859,1.0339084,0.013410976
962,0.9081031,0.008875708
605,0.9380941,0.005105708
911,0.7455539,0.010666964
807,0.8658459,0.16339998
2043,0.93301606,0.017414844
859,0.976706,0.0069255373
596,0.9428334,0.006205675
2759,0.747239,0.12519884
6134,1.0373682,0.8271296
311,1.0660995,0.6559725
794,1.3979697,0.87156653
4400,0.98850006,0.007375943
2594,0.94860774,0.00899149
78,0.94986457,0.00452532
727,0.93854475,0.0075290543
12036,0.90578747,0.0054112733
1164,0.9220313,0.0060313977
1693,0.9598892,0.004542281
128,0.9799563,0.009543079
72,0.93884915,0.0044213994
7261,0.9378991,0.011671412
100,0.9477659,0.005060365
9519,0.97743094,0.0049863677
4389,0.89256215,0.0041660327
2143,0.7933222,0.0073949634
3243,1.0026432,0.48887113
694,0.96381485,0.38901606
4340,0.9306755,0.004764502
4848,0.832281,0.09798159
269,1.0267876,0.0042585423
7413,0.9525925,0.0060465992
1591,0.95896363,0.0050692875
431,0.9995158,0.39547876
142,0.9743261,0.0056611993
2236,0.96767336,0.0032571722
7048,0.94884104,0.0049222303
845,1.0146499,0.09809031
1949,1.016726,0.3845905
2358,0.9829177,0.0030068648
2576,0.84747255,0.053283975
6271,1.005768,0.00101763
2312,1.0616573,0.82458365
2564,0.85701275,0.20917223
125,0.9823914,0.008083328
7132,1.0397792,0.67509854
4874,0.9755757,0.006463689
320,0.97419673,0.5483839
1308,1.4400251,0.9199659
4271,0.9360514,0.00377969
5116,0.91350055,0.0091138175
1165,0.93359226,0.0120792845
803,1.0556936,0.4845224
3831,0.95683056,0.002685444
7643,1.4523801,0.8500259
4558,0.9010499,0.006545069
3095,0.90069807,0.0117121795
21,1.2176745,0.46345562
4130,0.9677792,0.0036851368
2939,0.96827686,0.0063319304
4855,1.0456454,0.6308617
5361,1.0759715,0.61102265
5067,0.9452199,0.0051090224
54,0.9853227,0.477764
4668,0.9271402,0.007752426
177,0.9997971,0.0030396248
3118,0.97365326,0.008930608
10970,1.0049776,0.013864437
83,0.9073222,0.036655065
5732,0.95581055,0.013890343
1700,0.872059,0.012608607
50,1.0148371,0.39792714
6471,1.0645981,0.19248898
5613,0.9285078,0.004828514
892,1.1470929,0.79858834
16,0.9770369,0.4167474
1937,0.9782256,0.0035316197
693,1.0376613,0.513915
334,0.89168465,0.009033818
344,0.98728204,0.08787479
1898,0.9545468,0.0047803666
9745,0.2470716,0.015340695
5024,1.1034765,0.31400952
2103,1.0709186,0.6612742
6205,0.9134277,0.36428016
2824,1.0508746,0.51143026
1267,0.98694974,0.005228182
2410,0.9330908,0.0051970915
232,0.95195985,0.006428645
3918,0.98012984,0.007382226
8742,0.90488183,0.4501187
7842,0.94577324,0.0023272543
4985,0.9224191,0.014276316
1348,0.93284965,0.006821887
1874,0.9492798,0.41940147
1142,1.1500709,0.47305804
2374,0.95718485,0.0027479422
1897,0.956843,0.0054854387
4822,1.0286753,0.0055004037
1771,0.9801783,0.005062505
3596,0.97928476,0.38627502
1210,1.0006368,0.0043517333
1769,0.8082888,0.0062446585
1414,1.3318523,0.51113933
1273,0.95176435,0.102023795
3995,0.93978804,0.011463272
38,0.9693136,0.47449628
362,0.8455926,0.014227286
1503,0.96711326,0.092617184
779,0.96686333,0.0037951297
869,1.0155079,0.003545932
1231,1.3802347,0.7359939
4905,0.90206087,0.009229846
1803,0.95761764,0.602758
9706,0.8739166,0.29416192
2350,0.85265356,0.006719312
270,0.9838562,0.0078357635
415,0.99518895,0.0027564517
2662,0.962241,0.009903481
1235,1.0042572,0.4892992
2285,1.00819,0.006369263
641,0.99707747,0.0076140403
663,0.9935765,0.0043977615
1168,0.924774,0.0060122665
2975,1.1067386,0.28421727
2821,1.471566,0.8676401
595,0.93099135,0.006358712
16060,0.96104693,0.16147149
37,1.1057307,0.6159189
1214,1.0302258,0.004485575
20696,0.9747112,0.0044857454
2007,0.95867574,0.0061684456
698,1.005889,0.20097126
808,0.9618932,0.5004297
645,0.9656868,0.0059713116
264,0.95923936,0.008801158
1347,0.9302478,0.0067623644
1849,0.97455204,0.005217628
13079,0.9774121,0.0058877133
4002,0.94519377,0.006066138
566,1.0252081,0.4364573
1871,0.96487886,0.003268173
2139,0.97058403,0.006281878
4230,0.95711887,0.0084930165
4984,0.9409509,0.015496196
12959,1.062218,0.34570244
1581,0.8679149,0.025886789
248,0.90267634,0.005828724
3795,0.8650695,0.009947454
6642,0.95058024,0.30599192
7636,0.9749212,0.0040765773
6458,1.0279721,0.0052154106
13365,1.2016454,0.47295168
586,0.9019978,0.009085329
1229,1.4749963,0.9063118
2051,0.96134317,0.009501039
7066,0.9859437,0.007506633
6425,0.9974725,0.0059302035
9150,0.9869894,0.0036267876
5949,1.0138541,0.0031731382
4330,0.9668015,0.0033611355
3127,1.0389087,0.3644376
250,0.9299222,0.0043555982
610,0.94716173,0.0043215947
4308,0.87465334,0.008501121
6703,0.98175174,0.009845649
527,0.9287496,0.0055248695
1303,1.0069153,0.2243958
6406,0.8308051,0.03748499
8094,0.88136655,0.014680536
4642,0.8287653,0.007983336
1251,0.95224476,0.0071868845
3826,0.98682237,0.008379847
6999,0.94042087,0.27077198
5567,0.91536546,0.0061005424
2044,0.8661721,0.009319662
12,0.8897359,0.25174573
629,0.99636185,0.009451174
190,0.9603289,0.4851168
133,0.98399353,0.008829397
8812,0.9423443,0.0033753095
2525,1.0182266,0.0100357365
24,1.2718613,0.6911211
1764,0.9236703,0.005217697
504,0.98666954,0.0049980045
1119,0.93354994,0.006290948
3547,0.8295918,0.15841164
3230,1.4933839,0.8615803
337,0.924538,0.011214498
4438,0.878741,0.015900265
1880,1.0682845,0.61054283
1887,1.5022691,0.889476
1446,0.98901004,0.0074864565
2026,1.2588534,0.60154104
2017,0.9707116,0.0041460684
849,0.94309366,0.0055891327
2789,0.99594414,0.0071948506
6068,0.9249848,0.0054340074
4720,0.9219432,0.005706419
3647,0.96712995,0.5560333
17841,0.98228157,0.0034707978
570,1.5388174,0.9288609
2181,1.3901525,0.7926846
2078,0.9713092,0.0066628563
3706,0.8089386,0.011701008
382,0.90898985,0.005248624
4117,0.9695742,0.0052584
8,1.0489306,0.58469754
548,1.1491106,0.82464224
1924,0.9620901,0.0061298157
2228,1.0237259,0.0030793664
4302,0.95352155,0.0050628316
1288,1.0001054,0.007198022
1095,0.95053977,0.005482812
915,0.90117246,0.006253814
4481,0.85354096,0.23190144
239,0.90899634,0.005798427
970,0.8359335,0.18115047
512,0.9894581,0.008882007
2490,0.8552009,0.0140599245
8494,1.0390484,0.0074497373
1756,0.9277588,0.005009516
831,0.9243344,0.0058061923
2468,0.91723156,0.0057790433
2049,0.9152458,0.0076571456
1311,1.0408025,0.2726652
12914,0.98728853,0.0042771646
16301,0.63833654,0.08024136
8390,0.9325541,0.5921309
816,0.96206236,0.01916178
2031,0.9858625,0.5180318
20,1.4843606,0.8768126
1014,0.913286,0.0046493136
41,1.0548866,0.60268813
2077,0.95907414,0.0057173455
417,0.9599243,0.0033272852
143,0.9716102,0.0052766087
2161,0.97951734,0.0055051716
1556,0.9988986,0.68553334
2038,0.92176425,0.010727624
2791,0.95598197,0.0067160223
3702,1.0528455,0.6619076
7514,1.0116787,0.0072711506
9142,0.9559297,0.004351613
4948,0.8751472,0.0068133757
1413,1.0994239,0.2389924
7686,0.9579845,0.0044058193
364,0.95406675,0.09714452
1179,0.9999727,0.013288309
1089,0.9394995,0.034310754
613,0.9242653,0.006095184
317,1.0483475,0.38802835
3274,0.98130536,0.007946966
3528,0.98213845,0.0045154113
3567,0.9420525,0.0055422615
3905,0.9660628,0.006101106
6107,0.926757,0.0048223427
1677,0.989529,0.0056432975
4540,1.008782,0.2489606
6392,0.95008427,0.004071197
7512,0.9519291,0.004523269
2116,1.0370072,0.46448764
603,0.89013565,0.007732252
6257,0.93917644,0.28274846
1266,0.97334,0.009999683
3613,0.9473694,0.005213976
925,0.9298121,0.0064576375
640,0.9558916,0.006206519
963,0.91872394,0.015463263
980,0.99270886,0.539069
3888,0.9315468,0.008836907
0,0.28647286,0.3129921
356,0.9506185,0.004830567
497,0.7338051,0.02445183
12354,0.9968709,0.32501912
4850,1.4082686,0.7444516
3510,1.0237217,0.38370368
5426,0.9184939,0.006301122
2023,0.97812605,0.40228614
3226,0.9349175,0.40432894
1301,1.0770717,0.715818
441,1.0376394,0.3272128
4653,1.5000913,0.9070303
2535,0.97938955,0.006888271
3645,0.73771846,0.18405107
654,0.9793243,0.0039840066
914,0.89539075,0.0057570087
295,1.0844846,0.84792125
7936,1.0314553,0.0041154684
3272,1.020492,0.007961584
700,1.3225935,0.7942762
1487,0.9945986,0.2696429
944,0.95029366,0.009647032
951,0.97251165,0.0073948856
4860,1.0084406,0.103685685
1158,0.94955873,0.0053656874
10724,0.8843618,0.08713209
579,0.92146087,0.012680379
2250,1.4039762,0.8274081
173,0.9760103,0.003970195
1633,1.0197248,0.57027256
1398,1.0007502,0.39619738
411,0.9353868,0.012202964
1848,0.9850091,0.0045594084
1333,0.9287942,0.023154177
5506,0.87378037,0.25363973
1148,0.77476573,0.19229664
903,0.98494256,0.4938668
2297,0.99108464,0.0035817164
931,0.92637336,0.0044584405
1856,0.97706974,0.0044359737
104,0.94695914,0.004324259
10151,0.98276424,0.005976241
564,0.9149607,0.16093005
260,0.91350216,0.0040325485
254,0.90144473,0.0049325665
1914,1.0171826,0.004560041
3126,0.87267566,0.17890564
1078,0.97136843,0.31298617
540,0.9358167,0.0042769555
778,0.9899696,0.0038464428
369,0.91972977,0.006435181
835,0.9356723,0.0074094534
2334,0.90754706,0.014450433
5139,0.86872303,0.0093163485
1583,0.9179245,0.009731959
3240,0.64033675,0.049683634
8329,0.9503036,0.00754612
5629,1.0277655,0.0032985648
2284,0.93274486,0.005208498
3474,0.9255536,0.0049263122
312,1.0252736,0.4598365
3002,1.0130023,0.00792692
416,0.9651381,0.0027658842
2198,0.93173265,0.005670661
3697,0.91229725,0.5846012
3026,0.9039718,0.035693858
16117,0.96144116,0.0072691375
2896,0.8664094,0.07971867
5794,0.9704065,0.0072274553
6549,0.97622365,0.0060124258
412,0.9588302,0.002428391
11529,0.9150927,0.004248577
922,0.91694933,0.0060600834
1065,1.0346205,0.46943992
1979,0.93958616,0.0054496494
6069,0.9084455,0.0060725273
1395,1.0615146,0.7078744
1145,0.8861965,0.28867614
6627,1.0247157,0.0053964453
4903,0.9407821,0.0054144184
3868,0.79107535,0.012735496
252,0.9251081,0.010757949
55,0.93727887,0.20275706
677,0.9861338,0.53659517
545,0.9650433,0.00367066
4738,0.9408314,0.006318522
4644,0.96239424,0.0036522837
7251,0.93147445,0.007987605
522,0.9668226,0.0061098477
3984,0.8944496,0.41000962
4226,1.022424,0.00793781
9489,1.1924863,0.8684713
355,0.9421158,0.004918791
729,0.9533223,0.00596956
1751,0.94089687,0.0056399535
2823,1.0538999,0.65916026
3334,0.9695793,0.029301733
9117,0.9280194,0.006718428
1512,0.9303051,0.006032538
154,0.9778575,0.009428039
6456,0.9509058,0.007247663
6991,0.9732753,0.007536284
5565,0.9477041,0.00470443
1529,0.9838812,0.005690551
12837,1.0440817,0.5841446
8919,0.92535096,0.0060869977
25,1.132119,0.4847147
5635,1.0035397,0.004646887
4037,1.3142369,0.65080285
3404,1.0371864,0.6392794
4040,0.90003186,0.012912259
5664,0.935511,0.006231484
1368,0.974242,0.006572625
1067,1.0125438,0.46122625
325,1.0208708,0.59122896
1843,0.96415293,0.006111029
2208,0.90779424,0.006784201
2536,0.99593645,0.0063518533
56,0.98968697,0.6310755
1721,1.5155513,0.8955801
1176,1.0255082,0.008091659
2989,0.98785806,0.008460074
2324,1.0331178,0.6082663
1517,0.94798535,0.0056885444
893,1.0435516,0.6506474
23,1.3123271,0.7699423
6206,0.77324116,0.21274702
1807,1.4238313,0.89212286
1242,0.9742633,0.50036234
251,0.96083903,0.0063156486
3228,1.159497,0.4548553
1073,1.0437872,0.4216553
2479,0.9947187,0.00933736
5087,0.8866772,0.0049390956
13835,0.9810643,0.4684742
108,0.9097847,0.00734768
255,0.86711395,0.00807402
6684,1.0028639,0.45014507
690,0.90172243,0.28045306
2449,1.433681,0.7663218
3747,1.0203003,0.0077550705
1554,0.9629944,0.5726555
1030,0.9740151,0.008594931
427,1.0311024,0.6163323
285,0.8824147,0.006855033
4677,0.9521556,0.005691811
1261,0.893602,0.009140815
824,0.9397216,0.005141913
437,0.94779885,0.38120311
4315,0.9290544,0.0064733205
660,0.9413344,0.0031800764
2126,0.91077834,0.0110912025
4212,0.9666557,0.0061155893
4930,0.9061965,0.0026084685
5572,0.9599116,0.008684491
14814,0.856653,0.21915798
5830,0.89947116,0.0062449775
7845,1.0409497,0.5442773
589,0.932255,0.0060585267
3009,0.9561651,0.0029696953
1244,0.9058115,0.014692316
307,0.9698012,0.36778474
2150,0.89608735,0.06282877
6640,0.991772,0.3452991
3408,1.0417346,0.6536483
6156,0.9919126,0.008364835
1590,0.98391044,0.004610874
112,0.89940435,0.0187505
960,0.8841323,0.007110994
965,0.95739794,0.0751129
1513,0.929853,0.0056378515
902,1.0469964,0.6758375
2310,0.8663752,0.3054474
968,0.96754897,0.004010147
3074,0.8519418,0.19645762
1380,0.9875891,0.007954289
2581,0.9021338,0.0114315115
5099,0.9822681,0.0074501038
12457,0.9480479,0.0074398187
13364,0.95385253,0.2872931
537,0.69515,0.020239504
18125,0.91872656,0.3680824
653,0.99891645,0.0043311254
5,1.1853335,0.774873
1319,0.99602455,0.36623913
2001,1.004071,0.008535054
1274,0.98700786,0.0044557066
7060,0.9829106,0.00680836
492,0.939982,0.009014318
1383,0.9743429,0.0055106115
2568,1.0661695,0.6568533
288,0.961865,0.0034450316
302,1.23208,0.66914517
2601,0.9268446,0.005789302
281,1.0044924,0.009879142
6098,1.415015,0.7988871
234,0.9249723,0.0060872803
49,1.0356112,0.77627933
10343,0.8779563,0.009591516
491,0.8991394,0.006614268
2158,0.9596692,0.0073800674
1978,0.91035336,0.007732186
2776,0.9085884,0.0067729964
3028,0.8886101,0.007910078
12864,1.1430435,0.6316213
419,0.9632586,0.0027054467
617,0.9166107,0.0065939496
333,0.87379384,0.012143148
293,0.9835221,0.003063325
1391,0.986011,0.0023942934
2679,0.9546279,0.0030143247
3873,0.99272466,0.007609293
7305,0.93260133,0.00791214
625,0.9493885,0.005355917
80,0.9296156,0.005947076
2003,0.95302355,0.005396558
5118,0.8704209,0.010233112
976,1.4116688,0.7896568
1963,0.76203156,0.013513809
2035,1.0424724,0.6359337
346,0.9620523,0.07618438
620,0.9168563,0.05982414
8921,0.93187356,0.00672212
17822,0.97496146,0.0053324783
1782,0.9742914,0.003956187
890,1.2314718,0.74955726
397,0.9826189,0.008121923
11,0.67905307,0.1798155
4030,0.8875406,0.30662334
4287,1.0076138,0.0024856864
1842,0.99502134,0.0074950685
2527,0.9892945,0.0048057027
13103,0.91706693,0.0048833406
20672,0.935669,0.006994681
2777,0.9496727,0.007797343
117,0.99302006,0.004873077
13064,0.88421154,0.0052342364
3440,0.93524766,0.00703733
2586,0.9217322,0.012507344
1964,0.8697381,0.014782054
3406,0.8077755,0.14442405
343,0.9591031,0.012711016
2247,1.4017031,0.6888945
1399,1.0612698,0.53669274
156,0.96965146,0.007747659
3814,0.9667567,0.00692929
1845,0.97933286,0.008356443
1802,0.98519814,0.0044908463
708,0.93203914,0.012066307
2415,0.9560846,0.007967985
850,0.9783776,0.0074788043
95,0.92926276,0.0065696123
1159,0.88699543,0.0050477865
2934,0.92882144,0.004983135
395,0.9585056,0.004595248
560,0.9876641,0.41361472
8824,1.5700662,0.9238481
5411,0.8942857,0.3056015
1032,0.97034174,0.0080616595
68,0.8893846,0.080198295
1542,0.9378516,0.007231911
1170,0.9464159,0.0045451494
1496,0.89444077,0.007707523
3886,0.9770811,0.0056659197
1394,0.77358043,0.14614373
4328,0.9519871,0.003194748
463,0.94438803,0.0059735086
3076,0.9431534,0.37594667
494,0.91692543,0.0055377535
120,0.97604734,0.004702836
3872,0.9869268,0.008437497
840,0.8589784,0.0069023436
199,1.0595278,0.68716586
1178,1.0140961,0.006663377
1884,1.0185578,0.5833028
2560,0.98031414,0.4953665
2903,1.0414745,0.61921173
9910,0.97694135,0.005831305
9796,0.88450795,0.008088953
1045,0.96042675,0.0026094113
2273,0.8968419,0.006934299
7684,0.91680884,0.007901133
3604,0.9072651,0.008020438
2597,0.868126,0.008421271
858,0.95115477,0.0036056377
2030,1.0140574,0.58379734
3592,1.3738842,0.8038353
5645,0.9551838,0.41808718
2108,0.9876192,0.4062918
2547,0.9106421,0.050878946
4699,0.98613274,0.008291893
2111,1.1222883,0.39560038
43,1.018251,0.47551313
421,0.9573481,0.0037330254
4061,0.78864294,0.007261671
5016,0.9439529,0.0029107567
768,0.9918655,0.011345636
3142,0.93809235,0.0052826437
912,0.95922583,0.007115912
1001,0.863141,0.0121679185
121,1.0251005,0.008668316
5198,0.94670975,0.004821675
2635,1.0306871,0.6266971
6093,1.0706915,0.5075862
1613,0.9784776,0.0068004588
1401,0.8951322,0.35676986
6547,0.98361194,0.010138395
1597,0.9279014,0.0047751814
4168,0.9965048,0.007571545
1082,0.9124223,0.016908357
253,0.9447324,0.009411064
2991,0.9684428,0.007024556
5119,0.90267617,0.008935425
3266,0.94132936,0.005182748
66,0.86887205,0.011938381
6732,0.9239135,0.32029393
3494,0.9698428,0.0077633155
2533,0.9321633,0.0064757653
76,0.9571839,0.006912448
447,0.971276,0.40312302
170,0.9588263,0.002811229
1428,0.89927727,0.005467376
5596,1.0860798,0.5513194
381,0.9220709,0.006299333
4059,0.86760366,0.009347894
1372,0.97243196,0.006086928
2160,0.9804007,0.0036256884
5202,0.9487802,0.006433087
678,0.95486283,0.39258528
1851,0.984112,0.007087833
94,0.92404467,0.0058965026
1108,0.9276122,0.005263101
6553,0.94534945,0.0032893443
1815,0.9983816,0.3994785
513,0.98810756,0.008802259
461,0.975097,0.003939783
2549,0.91257834,0.019963197
6521,0.8777452,0.015888704
680,0.924647,0.33665594
631,0.99278796,0.005509086
3667,0.95038,0.010652099
218,0.88252413,0.021928672
1578,0.85414875,0.009088004
805,1.0352722,0.62454075
769,0.97823024,0.0085711
1788,1.0005033,0.017779399
8654,0.9726177,0.010621403
1812,1.0552268,0.5822918
815,0.9108778,0.011606986
634,0.975588,0.009425069
7257,0.91612947,0.012302211
696,1.1614814,0.5208962
84,0.89873487,0.0048702336
240,0.8490359,0.0103523405
244,0.9069451,0.0051318025
5569,0.92410356,0.006333782
2704,0.92460227,0.0067650652
2304,0.94958454,0.0026760725
1733,1.0220933,0.6282543
3518,0.84449077,0.006532611
1177,1.0105233,0.0059417053
2561,0.68276584,0.23288782
88,0.92254746,0.0058978754
1645,1.0547235,0.573216
226,0.901484,0.011663824
2948,0.98462844,0.0055413577
6583,0.9387053,0.0053476216
4611,0.95693225,0.0050044777
3323,0.9807191,0.0060924464
6566,0.9264648,0.010809956
865,0.98719406,0.010582335
5379,0.9382657,0.0051752455
4171,0.97071135,0.006551857
1976,0.89515126,0.005964293
2520,0.9692132,0.005248283
3352,1.0869818,0.5048514
1670,0.94977033,0.0055813943
196,0.9818288,0.38239878
1018,0.9293374,0.0035721567
1314,1.0321938,0.63216805
366,0.9247281,0.006313076
3391,0.9705894,0.0029478958
681,1.0070268,0.5203036
1941,0.8228141,0.19642574
1951,1.0092564,0.44188747
2737,0.9873388,0.0069485516
92,0.9327071,0.005622939
5434,0.9612903,0.004934383
2173,0.9314946,0.012167624
1558,1.1152645,0.778698
1546,0.9873945,0.0039842413
4,0.9432471,0.6150252
1366,0.98377323,0.0071090963
3651,1.0385473,0.5067332
372,0.90517807,0.0047238027
3609,0.9394758,0.0051572397
2708,0.924424,0.0044058524
5329,0.89177597,0.010616714
1013,0.9398347,0.007646366
4598,1.0270867,0.613921
5066,0.97692084,0.005699854
981,1.00721,0.4108424
2962,1.0202215,0.6193302
309,1.0770022,0.65128106
1484,1.1110651,0.5621438
2783,0.9538296,0.005989181
3603,0.926486,0.019754909
4654,1.446144,0.86701936
2118,0.9148708,0.16599433
1516,0.92884564,0.0038985074
655,0.94475836,0.0031868299
1626,0.928657,0.0033370766
2505,1.0672854,0.62351584
4808,0.8643632,0.030873258
460,1.0020566,0.003252878
3914,0.9750197,0.0054939
5644,1.062998,0.43660536
1870,0.9727532,0.0037882568
1862,0.9074759,0.012130988
6015,0.93803346,0.004257212
219,0.90509754,0.010793936
1738,0.78238064,0.12564191
1087,0.8838382,0.021464076
2417,1.0399048,0.008260965
1373,0.96994233,0.0076048477
948,0.96226597,0.006327621
1237,0.8360537,0.23906519
5665,0.8995016,0.008744516
316,1.009744,0.46158227
4248,0.84945065,0.013917016
5157,0.9357359,0.0055026445
105,0.9119916,0.0041819005
706,0.86903995,0.010329406
828,0.9933222,0.0016551749
1852,0.97924924,0.007126224
5028,0.7226637,0.11453408
775,0.94757843,0.0026240242
5824,0.9173,0.011299074
1885,1.0291159,0.58030903
2361,0.9530839,0.0067936014
287,0.97290504,0.002640196
2054,0.95571244,0.004003878
5096,0.92797637,0.05480031
2006,0.98725015,0.006102648
601,1.0143915,0.005206181
1181,0.75814855,0.011536515
1641,1.0009242,0.5256376
14522,0.9411249,0.005219826
1077,1.0508682,0.66372603
9676,1.3825471,0.79847765
132,0.97803116,0.007964666
898,1.1383471,0.6882292
1378,0.9696063,0.008011217
1800,0.9655744,0.0040009543
1040,0.94814694,0.0061978283
1903,0.9318065,0.0048107044
456,1.3460314,0.83214647
418,0.9684944,0.0029417537
3181,0.90606993,0.013602692
14079,0.9907036,0.119689666
2266,0.93565893,0.0056205564
8321,0.90423274,0.011302164
630,0.97851086,0.012904604
1153,0.96679395,0.006061784
926,0.93671393,0.0075743445
4506,0.9078661,0.006301778
91,0.8906104,0.006497692
2639,1.022694,0.49276567
573,1.0770726,0.7462878
1922,0.9781821,0.0052528307
195,1.0289979,0.5076435
6892,0.99471366,0.0028591063
1610,0.9099381,0.0029940826
1412,1.4077836,0.8470251
1683,0.9299873,0.004154971
3742,0.92888963,0.008707597
1992,0.99632704,0.005030728
1618,0.99843013,0.009085406
3572,0.95261014,0.0092883995
1824,0.93436396,0.006015476
3441,0.9709461,0.0062071197
7756,0.9464115,0.005709506
44,1.0177536,0.44567257
6264,0.7979661,0.012856744
666,0.9919901,0.0026532363
1875,0.89565504,0.2537518
799,1.0457218,0.65848523
1294,0.9319711,0.0027392153
1603,0.9233559,0.004895214
3206,0.98807836,0.008175048
3462,0.9284065,0.6137924
5391,0.9771449,0.006653392
174,0.9679505,0.003377206
1431,0.92192054,0.0065656146
5251,0.90834165,0.007223313
168,0.9479082,0.0030111005
31,0.9334123,0.33369297
4200,1.038008,0.6144679
1477,1.3229257,0.7644366
8048,0.991279,0.012318956
5877,0.9550442,0.099909395
335,0.9465186,0.013629333
1007,0.97060436,0.0040291203
13107,1.0063103,0.0055776057
5291,0.9601699,0.0044031637
3212,0.9490955,0.004385144
1430,0.92852175,0.005099823
3491,0.97766393,0.006195256
9699,0.9618738,0.005832488
32,1.0659379,0.65143836
1999,0.9897214,0.007122713
424,0.7602008,0.1808419
280,0.94873655,0.006148579
871,1.0405667,0.012945967
554,1.0204134,0.622633
3385,0.99887085,0.0068184305
2593,0.8941371,0.0057457825
286,0.91116905,0.007844728
110,0.91531754,0.009219147
1730,0.99730515,0.4592531
1763,0.94656545,0.00635567
1088,0.95120376,0.026758302
482,0.91894007,0.005329596
1500,0.9753852,0.0058351294
3092,0.8958189,0.0065383697
2628,0.9877175,0.0024526638
146,0.9875736,0.004837784
7783,0.93165946,0.0068407934
1263,0.9380423,0.009156176
2373,0.92841184,0.08102521
3579,0.98964953,0.007977388
273,0.9770707,0.0055453265
4701,0.9677142,0.003709069
1601,0.94191027,0.005760686
5909,0.98776484,0.008373161
3299,0.9868766,0.34150538
86,0.93155664,0.0035019505
6130,0.9119833,0.009435972
2278,0.9677361,0.005588184
430,1.0298679,0.5433096
443,1.080298,0.6800745
3974,0.97592217,0.008165442
7484,1.0098271,0.0069476306
2225,1.0206581,0.0042022937
3296,1.0251036,0.4296547
4005,0.92981076,0.008838941
130,0.97348887,0.007282142
529,0.8625992,0.010035424
1187,0.97714424,0.009451711
4439,0.9268819,0.0048975977
7147,0.9383322,0.0059088836
920,0.89052427,0.009861574
3141,0.97163785,0.0027942238
4317,0.92688453,0.0060016895
1297,0.9615276,0.0022586724
228,0.98490036,0.13359152
452,1.2742469,0.76962924
686,1.0614669,0.6832084
1143,1.0577637,0.6133976
572,1.2066553,0.5567983
825,0.96331143,0.0032845202
1986,0.88072044,0.0055562924
134,0.98221934,0.007799676
1454,0.9757312,0.008509307
8940,0.8880389,0.22960974
704,1.0860813,0.24710897
842,0.95314974,0.0063838973
374,0.9012995,0.008257535
3793,0.95934606,0.005826323
1723,0.8133791,0.12582652
166,0.9558045,0.0027639829
3432,0.94956255,0.0071600997
916,0.90188307,0.008099198
1011,0.9067328,0.0069759237
3146,0.93741804,0.0040323953
5511,0.8514576,0.023609152
20980,0.921087,0.40942743
1290,0.96495044,0.0069130445
3880,0.99975836,0.0075418893
8623,0.9421497,0.0027183844
11294,0.96093565,0.0048012515
3857,0.9327301,0.0048041865
9402,1.2735887,0.70674014
2614,1.0145174,0.009229933
510,0.99894476,0.0104482705
1628,1.0263077,0.0028328435
7977,0.90886426,0.003706552
2995,1.0024021,0.0056812447
1927,1.0024804,0.016206307
5079,1.5495951,0.8850957
81,0.94551843,0.0055728625
394,0.9547665,0.009355846
5249,0.8868574,0.007168328
821,1.0012429,0.08971455
3115,0.9680947,0.0066163116
1182,0.9753932,0.009729807
511,0.9900894,0.007973502
3946,1.1204396,0.71587914
3673,0.99380386,0.0038495518
2656,0.9028043,0.017269138
7394,0.96510494,0.004655883
2767,0.95814663,0.0046382537
2682,0.84366965,0.23230557
4880,0.98635316,0.012693835
2287,0.98975945,0.0056127766
23851,0.9849493,0.0036937078
2081,1.0156525,0.007321101
1727,1.0369922,0.6465151
2000,0.96637195,0.0077904193
350,0.9163699,0.0063898955
826,0.97276866,0.005013454
1388,0.9940385,0.0047021555
2909,1.0122223,0.5612516
5588,0.8150351,0.022393705
1825,0.9011938,0.007081
388,0.91291094,0.0072340546
928,0.9345777,0.0060833343
988,0.9255319,0.23455378
5663,0.91175103,0.005099762
780,0.9562474,0.0023007505
67,0.9334812,0.10224058
4953,0.873107,0.0058371485
4072,0.9739087,0.0051686796
2963,0.9581872,0.61203414
4864,0.917143,0.013105714
209,0.91416085,0.49072894
1336,0.9338703,0.03453095
3578,0.96962357,0.0068888217
3072,1.2440504,0.6497998
1357,0.95770454,0.0058282726
12493,0.9622297,0.0057093957
2243,1.0499147,0.49142954
19,1.18785,0.67125124
7082,0.9842177,0.0036850488
2256,1.1087096,0.7968201
793,1.5663881,0.94007397
717,0.92774045,0.0047263005
834,0.91008866,0.0057862946
4375,0.9391775,0.0032122005
4300,0.8673223,0.010278571
8199,1.4749374,0.8780354
11658,1.5093489,0.91712034
2275,0.93878794,0.0057293857
90,0.9121449,0.0055542374
1809,1.3281667,0.72272295
571,1.4807105,0.886538
102,0.9115852,0.0054803896
3019,1.0689657,0.65546215
4140,0.9746187,0.3375133
258,0.90983236,0.0767477
3704,0.9125296,0.014370916
1342,0.98250794,0.0041090203
2848,0.9592413,0.0061616492
4218,0.9676058,0.004041201
2444,1.0695577,0.6342371
30,0.95581794,0.37041992
2687,0.9407054,0.15816559
985,1.055556,0.55346084
1044,0.95264006,0.002977554
1152,0.91517687,0.011078371
2582,0.93372655,0.010577199
804,0.9124092,0.3538613
3680,0.9698094,0.0044911974
6605,0.9492563,0.010449937
3280,0.9839641,0.00675211
1234,0.9698947,0.38693362
4576,1.0236665,0.00887317
308,0.9757199,0.44840193
8745,0.8627349,0.20500325
6251,1.2444675,0.5062858
5710,0.9215249,0.003794014
1923,0.9452534,0.004915723
2982,0.910598,0.009210541
3602,0.8738524,0.012762078
1562,1.5207009,0.9068635
3456,0.767815,0.035518024
1642,1.0464993,0.53328174
137,0.9587617,0.005600904
550,1.6572783,0.9676371
455,1.3584435,0.7124797
194,0.99397236,0.4387606
633,0.98443437,0.009947238
4671,0.9377171,0.0034064357
6453,0.8580245,0.02261339
782,1.0128671,0.49694556
18963,1.1931164,0.40849054
4087,1.031754,0.66111606
1882,1.0236487,0.5724603
147,0.99809897,0.008109056
1616,1.0048769,0.007907815
1081,0.9352946,0.021359418
3277,0.9863523,0.0072369426
1172,0.97431576,0.008090347
1778,1.0163515,0.0070931264
1059,0.98631805,0.2051557
4663,0.9310291,0.013509615
464,0.94506645,0.006073494
12080,1.0381424,0.5996255
1889,1.3068486,0.6341257
883,0.87123084,0.36818072
6812,1.1793954,0.8461777
7696,0.8906343,0.007112833
2265,0.930858,0.0063302927
1786,0.9889631,0.009968345
1076,1.0280777,0.5558048
2,0.8988269,0.15203896
516,0.9778812,0.0040629325
2812,0.96724194,0.0031752249
2927,0.938898,0.005565753
4920,0.9844761,0.0059948633
5808,0.9663945,0.007881527
4537,1.0282307,0.7926668
6366,0.93178606,0.005658285
3802,0.9404981,0.0046630376
359,0.96493375,0.006677241
4963,0.9861562,0.0073816534
3508,0.91968536,0.23007156
9524,1.0048285,0.0026467168
249,0.9413886,0.0047974703
4976,0.8770609,0.24277915
1547,0.9826485,0.004386314
6097,1.2657392,0.6950841
2573,1.5374448,0.93162036
1193,0.96246445,0.004644757
7566,0.49830228,0.055963844
3295,0.72247905,0.115201645
2618,0.9609854,0.0064225867
3806,0.9301316,0.007137634
2252,0.95577407,0.0111743575
28,1.1015947,0.7647929
15,1.047539,0.6542942
207,1.2714447,0.78087866
2090,1.0663717,0.010296899
2352,0.92060626,0.005461838
692,1.0223414,0.603802
2220,1.003175,0.0048250942
2293,0.9791279,0.005873916
7325,1.4464989,0.7697739
19485,0.98699296,0.009479572
2849,0.9322569,0.006034849
12226,0.9778447,0.007352878
1092,0.9533571,0.0057775863
2128,0.99732673,0.1268746
3535,0.97813404,0.006988547
1275,1.0119513,0.00797895
29,1.0476389,0.5868387
10765,0.98728275,0.00756114
186,1.0631135,0.65705675
4327,0.91049457,0.009879086
1704,0.85958695,0.024232894
1649,0.9825715,0.39417586
1233,1.4234897,0.83801097
6700,0.98012704,0.0035133206
4056,1.0076914,0.0032390747
7208,1.0386045,0.45961592
8007,1.0792658,0.5818546
884,0.9264883,0.45085314
3262,0.9900638,0.005151577
506,1.0350497,0.0061902995
2627,0.98996603,0.0077697695
899,0.9702458,0.445007
354,0.9443561,0.0053441604
7103,0.9424463,0.020771211
7226,0.940836,0.005131221
2259,0.9580756,0.0064829662
444,0.82665014,0.12656182
11848,1.0012201,0.004976418
4594,0.94314075,0.6100454
673,0.87201643,0.25407654
2752,0.8745431,0.40791175
1038,1.0060925,0.005576082
6153,0.982345,0.00726318
323,1.0300221,0.57655954
4270,1.0003923,0.0047684014
14,0.7239523,0.290884
227,0.9864521,0.09143359
675,1.353786,0.9033745
1954,0.92304796,0.431298
1888,1.4891948,0.90697634
1988,0.90831757,0.038249314
7313,0.9775696,0.0068727513
1228,1.3583796,0.79426044
6922,0.888687,0.028150203
1253,0.9105947,0.008277992
4613,0.95378315,0.0045450437
10665,0.9323861,0.0056790067
365,0.91202605,0.029802876
987,1.0394924,0.5586294
4357,0.9535967,0.00614276
1724,1.0712588,0.62458616
9781,0.7103578,0.10260815
702,0.88231087,0.09041032
113,0.9654076,0.0867947
907,0.95602727,0.0050420715
2998,0.989417,0.0088793915
6096,1.2605976,0.68658936
1324,1.2604858,0.4723034
1648,1.0302933,0.6370651
245,0.9155129,0.0055024046
1240,0.63644487,0.024428954
10,1.0649107,0.7714348
453,1.3181689,0.6507356
2408,0.91191185,0.0063395915
788,0.84401417,0.3048232
422,0.9809716,0.003768529
1515,0.8630874,0.006561973
10396,0.9864262,0.4431867
1376,0.99004376,0.0065494175
1666,0.93993723,0.005156151
1813,1.0932828,0.57425517
8423,1.0075622,0.0063123214
1630,1.0303768,0.0025075995
2166,0.9739513,0.010949271
3036,0.91317225,0.005118775
3731,0.95233655,0.009591154
5807,0.9952415,0.009403582
508,0.9782707,0.0071488917
9209,0.9439933,0.0060791383
318,1.0731771,0.68511105
1640,0.98794246,0.5538838
2235,0.97935295,0.0028768089
7,1.1742327,0.8767097
7806,0.7930579,0.33900845
558,1.0600477,0.4870402
176,0.9580158,0.0039117173
1050,0.9570995,0.0030143918
721,0.9607602,0.005995358
1424,0.9517716,0.0052702953
3169,0.9253004,0.0024032074
738,0.9894185,0.007859179
3454,1.0002149,0.543026
1061,1.0343442,0.20784122
8406,0.92235315,0.006209061
1687,1.1687593,0.46407035
11510,1.5339271,0.9065593
17250,0.9704666,0.0039812904
14066,0.97322726,0.00929667
2629,0.9594117,0.00285694
716,0.9743754,0.004395215
247,0.9048876,0.0066902013
3273,0.97917545,0.0074045877
12786,1.196943,0.56071126
713,0.88314164,0.007055051
3520,0.92791533,0.005564545
2188,1.0407679,0.62892056
984,0.961671,0.4071748
363,0.9680933,0.082345925
5594,0.9174874,0.44027966
710,0.9169911,0.009006808
241,0.9408857,0.0057311296
895,1.0856835,0.5121852
2004,0.96511346,0.0077448767
939,0.98806715,0.00810247
3989,1.3001853,0.6935754
1732,1.022468,0.5589946
1801,0.9788754,0.0041629593
1980,0.93162143,0.006660256
1662,0.92721814,0.005018768
10356,0.9820347,0.007966979
149,0.9826268,0.007672781
889,0.48945612,0.0077633522
3237,1.0197341,0.5509163
261,0.9633237,0.0068269838
39,1.0308766,0.61906534
82,0.96799564,0.0069664144
33,0.7600548,0.12655288
5835,0.92611116,0.0054889726
1230,1.2644951,0.56461436
5054,0.858945,0.017768478
7954,0.9708593,0.007638382
1309,1.5173209,0.8913893
661,0.988384,0.0037314652
2238,1.028249,0.62876993
520,0.9604683,0.00640587
1312,1.0326618,0.6192106
18,1.3199852,0.5250585
6,0.9362146,0.4660538
340,0.9397371,0.007802399
299,1.496428,0.93820894
1565,1.0221485,0.5253752
1985,0.9389211,0.0059483815
3719,0.9449135,0.0055577783
2022,0.9432571,0.013245108
474,0.9499161,0.006593034
880,0.98163676,0.00289336
13594,1.5758693,0.9492834
1359,0.90300196,0.010417625
3730,0.8712605,0.011952339
1483,1.0742438,0.7111685
2675,0.8982568,0.02063262
4092,1.0767751,0.6514771
16530,1.5105612,0.88441443
5811,1.1982057,0.6528837
442,0.9190353,0.2740073
373,0.8998778,0.003745086
2827,1.0094961,0.44702604
919,0.9473777,0.007901544
1068,1.0047772,0.47556058
6731,0.9139749,0.310067
556,0.95343006,0.31335935
1279,0.9933586,0.0072608013
1318,1.1077058,0.73391825
1440,0.84558713,0.0052197026
2192,1.0686252,0.722389
910,0.9498772,0.0048307534
17,1.7856954,0.9811788
1217,0.45841357,0.039703503
7144,0.9374372,0.0056524663
3347,1.1644678,0.8728253
885,0.900581,0.56040907
1166,0.9142092,0.0050756163
2484,0.97931665,0.010857293
118,1.0039357,0.0037872852
2769,0.94016206,0.004446663
5033,0.9925579,0.4993561
53,1.0984852,0.68808836
1433,0.886675,0.00832125
4291,1.058896,0.6474957
1006,0.96525383,0.006074548
1569,1.0086718,0.37359834
2941,0.7965822,0.0063803354
7245,0.97402203,0.4080198
759,0.97217613,0.00520137
1719,1.3723154,0.66224474
8392,1.0405407,0.5804476
697,1.0646563,0.7248244
5292,0.9492063,0.0034531148
2174,0.9791368,0.0027873896
220,0.9065274,0.010862887
8089,1.4088168,0.88733596
1473,1.0142971,0.47837457
5628,0.93140554,0.006145218
10326,0.9431678,0.0040596495
833,0.9481676,0.0049326927
115,0.93032104,0.0065881643
819,0.7580148,0.013876496
5276,1.025175,0.5023837
669,0.8376882,0.4292363
822,1.0666311,0.6121706
719,0.9381768,0.002853093
1129,0.97830546,0.008086995
798,1.1339223,0.29523432
7349,0.8530997,0.005374026
3093,0.9484867,0.004364777
1079,1.0350454,0.5777332
2546,0.9366062,0.012946387
153,0.9745979,0.007729333
164,0.97851664,0.003603983
1560,1.4354386,0.85946923
672,1.1675696,0.9040778
2797,0.9728334,0.007053876
1103,0.8719097,0.0074642776
1991,0.9271822,0.0056433133
6169,1.3401203,0.78830993
12440,1.593532,0.9537526
3306,1.1027523,0.4667482
2041,0.93115556,0.008644149
4849,1.4470699,0.8686475
5081,1.0413291,0.5636964
471,0.94722,0.0046265814
3683,0.95811284,0.006446972
2706,0.9229274,0.0057276585
1192,0.97304845,0.005879817
58,0.90135473,0.010794334
11138,0.27460995,0.004874432
3475,0.92710185,0.0049857246
9537,1.0333984,0.59257656
530,0.92763644,0.021549853
2634,0.99900067,0.5012752
5802,0.9177555,0.011018937
136,0.9707214,0.005032729
1663,0.9273727,0.005038824
4620,0.92337465,0.006006254
1720,1.3498013,0.84825987
8359,0.89167386,0.006440907
473,0.91722715,0.008984414
701,1.3959367,0.8146593
2153,0.9920145,0.005848017
306,0.954557,0.48044
11915,0.91022384,0.008529172
4723,0.9768404,0.009546375
3094,0.9452633,0.004815135
5073,0.9051326,0.0031451972
5492,0.98429066,0.0044365507
1735,0.9514835,0.29646996
4485,0.8651012,0.4262565
753,0.9397558,0.0051774406
490,0.9208644,0.004787482
2810,0.91932,0.010032889
3421,0.916774,0.0056381645
1702,0.91504776,0.020117408
682,0.95884085,0.41150045
2507,1.0642074,0.6777406
165,0.9757755,0.0033359858
109,0.925092,0.006404182
2667,0.98438346,0.006269825
3390,0.9677963,0.005677233
748,1.0136055,0.0067495275
4894,1.0232741,0.5712493
2305,0.9748489,0.0030655179
1506,0.9482926,0.006233235
401,0.9768308,0.0068172296
2957,1.0161352,0.005161285
1768,0.94126266,0.0071526533
1441,0.7557938,0.011143782
305,0.9971268,0.5218133
3856,0.9164148,0.0068779974
817,0.8129902,0.02790593
5230,0.928789,0.36111516
4837,0.9780663,0.0043404177
503,1.0217088,0.0023081878
1655,0.9354118,0.0059818127
9400,1.0600852,0.75654536
5274,1.5713855,0.9535647
4395,0.92470074,0.009073849
36,1.0300298,0.5356746
957,0.9528434,0.005126289
4717,0.9417605,0.0042541767
2632,0.8789419,0.13142227
4469,0.9566471,0.006773497
7815,0.9277612,0.00661158
347,0.71326387,0.027602851
577,0.9141171,0.006089652
551,1.0362954,0.57665765
1341,0.9649807,0.004586841
648,0.96921676,0.0064945985
396,0.955047,0.0052702306
3756,1.0346103,0.005211602
709,0.8930726,0.014616378
4191,0.96521354,0.0036875254
1105,0.9479065,0.011442532
5484,0.9465077,0.0051088575
3348,1.2323229,0.8569009
3478,0.9273143,0.009401973
1115,0.91339254,0.014875686
3848,0.91672575,0.008023439
699,0.74299,0.30008152
1493,0.8738356,0.01144743
35,0.95477223,0.36381653
246,0.9024118,0.006214748
162,0.95536447,0.003270588
1436,0.9367337,0.0060889074
1912,0.975939,0.008409275
756,0.9818737,0.0050180755
3696,0.7265992,0.06767983
1149,0.8653115,0.018426906
3716,0.94416445,0.007915031
12845,0.9542787,0.005057483
2365,0.9949585,0.0062043695
1952,1.0395019,0.44221377
1549,1.0283835,0.004239968
1840,0.9730109,0.0056415955
1403,1.0318241,0.65554655
2495,0.8076737,0.34995028
3773,1.055526,0.7325424
1629,0.9471587,0.0038847032
6535,1.0024397,0.004714224
3938,0.9687591,0.5391392
310,0.96304953,0.39299637
977,1.3488477,0.8220544
9878,0.98602813,0.0027755876
185,0.8550475,0.5796213
1722,0.7119322,0.24567729
1609,1.4569788,0.78202873
1635,0.87255144,0.20574489
191,0.93927693,0.3417485
5673,0.97405136,0.006771838
3339,0.9523212,0.0033787536
523,0.97148514,0.0067631654
1421,0.80151725,0.0121064065
1904,0.9441584,0.004069993
5755,0.9550111,0.004879431
541,0.97240716,0.0032031287
327,0.9872936,0.4510303
3472,0.8968513,0.005847526
4313,0.92404866,0.005602402
3576,1.0321298,0.0032543838
5933,0.9178269,0.004086959
2082,0.9747755,0.0074688992
4513,0.956913,0.0048899
854,0.978737,0.008704078
1749,0.94585764,0.009358064
4754,0.92949617,0.0127046695
6247,1.0407621,0.73075265
3775,1.0545762,0.61090714
5166,0.9671376,0.008361003
6162,0.9408694,0.007284762
2005,0.99575573,0.008323513
26896,1.2385898,0.41736436
1561,1.3614318,0.7393374
2120,0.9759897,0.39219007
345,0.87236613,0.045977753
1686,0.9597195,0.00878715
2199,0.73027474,0.027201189
3110,0.98123795,0.0055379346
4721,0.90929174,0.007457699
329,1.0053252,0.44636068
5684,1.0120865,0.0069392724
1298,0.91968906,0.008026237
725,0.9328863,0.007028771
4150,0.87433505,0.006831065
376,0.9342878,0.0036362493
3361,0.9706878,0.0044146967
8759,0.92999744,0.004047437
475,0.9478504,0.011730247
445,0.9796744,0.5366726
742,0.9833236,0.006395689
439,1.1186976,0.6847885
3894,0.99865067,0.63363904
628,0.9756795,0.0069724964
5018,1.0163338,0.005602718
6104,0.79016805,0.0071151066
8077,0.9908973,0.0066680084
785,0.6950886,0.09783768
876,0.9410397,0.0022708327
3721,0.91840744,0.0057234564
230,0.77670646,0.014955626
1651,0.920401,0.4594256
4547,1.1351863,0.39801428
7717,0.9853376,0.004121797
887,1.6302371,0.951434
12314,1.011372,0.008029913
438,0.99141484,0.48832336
3281,0.9393445,0.007492437
2319,1.1026208,0.69965976
607,0.94176584,0.004468229
8334,0.9398752,0.009986074
6633,1.0663046,0.74901927
216,0.89739454,0.009969042
9,0.9623648,0.50134736
3225,0.8381491,0.15674354
2897,1.6073873,0.94040215
5888,0.94611233,0.007195569
3937,1.3001758,0.77863276
20939,1.0098888,0.4789989
514,0.9444702,0.008796055
1351,0.9457596,0.00833786
1396,1.0347779,0.598547
465,0.9613559,0.005534721
479,0.9098929,0.0058114706
521,0.97507656,0.0076592145
5600,0.9994787,0.21597591
57,0.8978194,0.009510799
3659,1.1724327,0.7129156
913,0.92649305,0.00593033
2898,1.3199297,0.6248422
604,0.8974353,0.0072626923
2973,1.0557284,0.6407291
3665,0.9237646,0.004623567
2436,0.9515115,0.38935307
2450,1.5282654,0.904059
